188 111. INDEX VERBORUM ΕΤ LOCUTIONUM.

1212121 = 212121 150, 9
1121222222 129, 28

iterato 10, 2. 64, 20. 136, 30
iocum 41, 19

iubatos 2221 21 1221112113, 21
1211222212 8, 1

1222121212. 31, 18
lampaditas 86, 26

12222 pari 11222211 14, 6. 8
12922- lapis 32, 2
1291221228, 18

1211222221 = lassescant 129, 32
12112112122 duodecim 88, 22
121122228128. 148, 23 (celebres)
12212 139,6

lutuosas 28,2

1292 21 adsidue 111, 23

129292 131,1

129212, 12, 11 (declinatur) 66,
32. -legestum est 8, 13
1291121219, 13

leporio 1121. 18, 23 - lepori·
eus 16, 20. 11, 12

leatus 12, 11

libraria 136, 9

11221 a. ind. 32, 20. 39,19. 55,
9- 22122112216,12112211-
1212 1Ι 34,11 incongrua ,12-
tione48, 12

112112 41,6

1121212 metm 13, 11

11921222 9, 8. 139, 8

1111212112 declinatio 138, 12
locuplex 18, 23

129122 18, 14

122921 longe adstantes 61, 12
astam 12¹⁵ ΨΜ ¹⁰¹²g⁰
2122 lateat 21, 11
loquelari 2212 61,1 .

12111 philosophorum 116,
18 2.

12261222 mc 221 92112292 (la
linitas) 90, 3

112211212112 151, 19

tumulus 111, 4

lustum, 233, 5

lusus uerborum 2. 9. regis
dolosi dolosos fovent tyrannos·
1111111111ἶὲ 112, 2

122211 aute 36, 14

22912121· adverb. pro docte
121

2292221222 11, 4

222 hoe 221 uirtus 86, 13
mandibula 81, 11
22211222112141, 14
mathesim 22, 9

22111211, 16

2222122 22, 12

mealia 48, 21

222112 44, 19. 169, 3

medaria metra 13, 11
medietates fouorum 13, 4
meditaute (fort. mediante)
9214

meditativa forma 50, 16
2222212211 pedes 12, 9
2221222212 11, 12
2212112122 221 12121122122112
(latinitas) 89, 16
221292111222 urbs 132, 26
22112218, 3

21111222 hoe 221 multimoda (la-
1111122122, 19

212212 4, 18. 21 (ex coni.)
212211221222 (medissimus P)
21121. f. q. 112112 106, 29
212 (gen.) 41, 1. 8. 122, 1
mititudo 24, 15

2111212 (in 2 correptam) 60, 4
manum 131, 24

2122 12, 24. 121, 23. 122, 1. 14
22112 4,2 quadam moda 24, 5
21. omnimodalim

2211212 1211112 14, 1
modulatus 2221222 13, 24
22112122 91222229112212
1, 1

22122 -- multos 14, 13
2222122118
22222911202112 155, 9

 

